209.00226341792785 417.98185141989433 15
417.98185141989433 766.28116475650518 19
766.28116475650518 1114.580478093116 15
1114.580478093116 1764.7391963214561 1
1764.7391963214561 2205.9183265478296 23
2205.9183265478296 2554.2176398844404 19
2554.2176398844404 2786.4171821088476 19
2786.4171821088476 3018.6167243332548 7
3018.6167243332548 3250.8162665576619 7
3250.8162665576619 3784.8752136737985 7
3784.8752136737985 4504.6937945694608 2
4504.6937945694608 4969.0928790182752 0
4969.0928790182752 5224.5123754651231 20
5224.5123754651231 5688.9114599139375 20
5688.9114599139375 6013.9908190281076 6
6013.9908190281076 6246.1903612525148 6
6246.1903612525148 6548.0497661442441 6
6548.0497661442441 7012.4488505930585 21
7012.4488505930585 7291.0883012623472 2
7291.0883012623472 7685.8275230438394 16
7685.8275230438394 7964.466973713128 14
7964.466973713128 8289.5463328272981 7
8289.5463328272981 8730.7254630536718 7
8730.7254630536718 8986.1449595005197 20
8986.1449595005197 9311.2243186146898 16
9311.2243186146898 9752.4034488410634 24
9752.4034488410634 10356.122258624522 20
10356.122258624522 10820.521343073337 14
10820.521343073337 11052.720885297744 6
11052.720885297744 11401.020198634355 17
11401.020198634355 11609.999786636321 19
11609.999786636321 11911.85919152805 19
11911.85919152805 12167.278687974898 6
12167.278687974898 12492.358047089068 15
12492.358047089068 12724.557589313476 12
12724.557589313476 13212.176627984731 18
13212.176627984731 13583.695895543782 23
13583.695895543782 13792.675483545749 20
13792.675483545749 14164.1947511048 7
14164.1947511048 14605.373881331174 19
14605.373881331174 14837.573423555581 2
14837.573423555581 15162.652782669751 7
15162.652782669751 15580.611958673684 0
15580.611958673684 15928.911272010295 17
15928.911272010295 16253.990631124465 20
16253.990631124465 16509.410127571315 20
16509.410127571315 16927.369303575248 6
16927.369303575248 17670.407838693351 6
17670.407838693351 17902.607380917758 20
17902.607380917758 18343.786511144132 2
18343.786511144132 18575.986053368539 7
18575.986053368539 18808.185595592946 7
18808.185595592946 19342.244542709082 14
19342.244542709082 19690.543856045693 14
19690.543856045693 19945.963352492541 10
19945.963352492541 20271.042711606711 10
20271.042711606711 20619.342024943322 10
20619.342024943322 21083.741109392136 14
21083.741109392136 21408.820468506306 1
21408.820468506306 21733.899827620477 19
21733.899827620477 21989.319324067324 14
21989.319324067324 23150.31703518936 9
23150.31703518936 23428.956485858649 0
23428.956485858649 23800.475753417701 11
23800.475753417701 24195.214975199193 12
24195.214975199193 24404.194563201159 2
24404.194563201159 24868.593647649974 14
24868.593647649974 25100.793189874381 13
25100.793189874381 25565.192274323195 5
25565.192274323195 25774.171862325162 9
25774.171862325162 26099.251221439332 16
26099.251221439332 26586.870260110587 8
26586.870260110587 26795.849848112553 8
26795.849848112553 27260.248932561368 8
27260.248932561368 27562.108337453097 0
27562.108337453097 27980.06751345703 22
27980.06751345703 28258.706964126319 1
28258.706964126319 28560.566369018048 5
28560.566369018048 29001.745499244422 5
29001.745499244422 29210.725087246388 24
29210.725087246388 29535.804446360558 13
29535.804446360558 29976.983576586932 24
29976.983576586932 30348.502844145984 24
30348.502844145984 30859.341837039679 24
30859.341837039679 31230.861104598731 19
31230.861104598731 31602.380372157782 19
31602.380372157782 31950.679685494393 1
31950.679685494393 32275.759044608563 7
32275.759044608563 32624.058357945174 7
32624.058357945174 33088.457442393985 14
33088.457442393985 33436.756755730596 14
33436.756755730596 33877.935885956969 14
33877.935885956969 34133.355382403817 15
34133.355382403817 34458.434741517987 24
34458.434741517987 34690.634283742394 10
34690.634283742394 35131.813413968768 8
35131.813413968768 35387.232910415616 14
35387.232910415616 35828.41204064199 15
35828.41204064199 36060.611582866397 7
36060.611582866397 36525.010667315211 2
36525.010667315211 36826.870072206941 7
36826.870072206941 37175.169385543551 2
37175.169385543551 37430.588881990399 0
37430.588881990399 37778.88819532701 0
37778.88819532701 38127.187508663621 20
38127.187508663621 38614.806547334876 20
38614.806547334876 38847.006089559283 1
38847.006089559283 39590.044624677386 6
39590.044624677386 40008.003800681319 6
40008.003800681319 40263.423297128167 2
40263.423297128167 40518.842793575015 2
40518.842793575015 40983.241878023829 14
40983.241878023829 41215.441420248237 14
41215.441420248237 41563.740733584847 15
41563.740733584847 42004.919863811221 21
42004.919863811221 42237.119406035628 7
42237.119406035628 42655.078582039561 6
42655.078582039561 42910.498078486409 19
42910.498078486409 43258.79739182302 14
43258.79739182302 43723.196476271834 14
43723.196476271834 44094.715743830886 14
44094.715743830886 44559.1148282797 15
44559.1148282797 45302.153363397803 21
45302.153363397803 45650.452676734414 21
45650.452676734414 46161.29166962811 4
46161.29166962811 46439.931120297399 19
46439.931120297399 46788.230433634009 16
46788.230433634009 47299.069426527705 2
47299.069426527705 48390.407274982419 21
48390.407274982419 48924.466222098556 12
48924.466222098556 49203.105672767844 12
49203.105672767844 49551.404986104455 20
49551.404986104455 49876.484345218625 20
49876.484345218625 50224.783658555236 17
50224.783658555236 50712.402697226491 19
50712.402697226491 51060.702010563102 6
51060.702010563102 51641.20086612412 7
51641.20086612412 51966.28022523829 7
51966.28022523829 52268.139630130019 5
52268.139630130019 53104.057982137885 15
53104.057982137885 53638.116929254022 6
53638.116929254022 54032.856151035514 21
54032.856151035514 54497.255235484328 21
54497.255235484328 55008.094228378024 12
55008.094228378024 55518.93322127172 15
55518.93322127172 55751.132763496127 14
55751.132763496127 56029.772214165416 21
56029.772214165416 56378.071527502027 21
56378.071527502027 56726.370840838637 8
56726.370840838637 57144.33001684257 23
57144.33001684257 57422.969467511859 19
57422.969467511859 57771.26878084847 4
57771.26878084847 58583.967178633895 21
58583.967178633895 59280.565805307117 21
59280.565805307117 59814.624752423253 12
59814.624752423253 60209.363974204745 12
60209.363974204745 60488.003424874034 19
60488.003424874034 61672.221090218511 6
61672.221090218511 62183.060083112206 19
62183.060083112206 62531.359396448817 7
62531.359396448817 62879.658709785428 10
62879.658709785428 63251.17797734448 5
63251.17797734448 63994.216512462583 10
63994.216512462583 64342.515825799193 2
64342.515825799193 64621.155276468482 16
64621.155276468482 65178.434177807059 15
65178.434177807059 65642.833262255881 19
65642.833262255881 65991.132575592492 14
65991.132575592492 67012.810561379883 3
67012.810561379883 67430.769737383816 12
67430.769737383816 68266.688089391682 12
68266.688089391682 68754.307128062937 2
68754.307128062937 69474.1257089586 5
69474.1257089586 70101.064472964499 11
70101.064472964499 70844.103008082602 8
70844.103008082602 71122.742458751891 17
71122.742458751891 71471.041772088502 7
71471.041772088502 72306.960124096368 1
72306.960124096368 73096.438567659352 1
73096.438567659352 73746.597285887692 13
73746.597285887692 74210.996370336507 16
74210.996370336507 74536.075729450677 15
74536.075729450677 74884.375042787287 15
74884.375042787287 75650.633532127831 21
75650.633532127831 76068.592708131764 2
76068.592708131764 76486.551884135697 2
76486.551884135697 76927.731014362071 5
76927.731014362071 77276.030327698682 14
77276.030327698682 77624.329641035292 15
77624.329641035292 78019.068862816785 15
78019.068862816785 78320.928267708514 15
78320.928267708514 78854.98721482465 13
78854.98721482465 79249.726436606143 23
79249.726436606143 79714.125521054957 20
79714.125521054957 80248.184468171094 2
80248.184468171094 80735.803506842349 2
80735.803506842349 81084.10282017896 2
81084.10282017896 81989.681034854148 12
81989.681034854148 82779.159478417132 19
82779.159478417132 83127.458791753743 6
83127.458791753743 83452.538150867913 20
83452.538150867913 83800.837464204524 6
83800.837464204524 84149.136777541135 2
84149.136777541135 84543.875999322627 7
84543.875999322627 85170.814763328526 13
85170.814763328526 85519.114076665137 15
85519.114076665137 85913.853298446629 10
85913.853298446629 86262.15261178324 7
86262.15261178324 86564.012016674969 16
86564.012016674969 86889.091375789139 14
86889.091375789139 87399.930368682835 14
87399.930368682835 87957.209270021413 14
87957.209270021413 88235.848720690701 1
88235.848720690701 88862.787484696601 21
88862.787484696601 89884.465470483992 18
89884.465470483992 90302.424646487925 19
90302.424646487925 90650.723959824536 15
90650.723959824536 90975.803318938706 19
90975.803318938706 91184.782906940673 24
91184.782906940673 91533.082220277283 21
91533.082220277283 92020.701258948538 2
92020.701258948538 92508.320297619794 17
92508.320297619794 93065.599198958371 12
93065.599198958371 93529.998283407185 20
93529.998283407185 94040.837276300881 6
94040.837276300881 94273.036818525288 20
94273.036818525288 94853.535674086306 6
94853.535674086306 95573.354254981969 2
95573.354254981969 95828.773751428816 14
95828.773751428816 96107.413202098105 10
96107.413202098105 96432.492561212275 19
96432.492561212275 96943.331554105971 14
96943.331554105971 97221.97100477526 21
97221.97100477526 97639.930180779193 24
97639.930180779193 97965.009539893363 10
97965.009539893363 98684.828120789025 19
98684.828120789025 99358.206793239806 19
99358.206793239806 99938.705648800824 6
99938.705648800824 100333.44487058232 15
100333.44487058232 100565.64441280672 18
100565.64441280672 101494.44258170435 19
101494.44258170435 101982.06162037561 2
101982.06162037561 102400.02079637954 2
102400.02079637954 103352.03891949961 7
103352.03891949961 103677.11827861378 12
103677.11827861378 104025.41759195039 20
104025.41759195039 105186.41530307243 6
105186.41530307243 105581.15452485392 19
105581.15452485392 106974.35177820036 19
106974.35177820036 107229.77127464721 10
107229.77127464721 107578.07058798382 10
107578.07058798382 107903.14994709799 1
107903.14994709799 108321.10912310192 7
108321.10912310192 108831.94811599562 14
108831.94811599562 109203.46738355467 15
109203.46738355467 109458.88688000152 15
109458.88688000152 109807.18619333813 15
109807.18619333813 110364.46509467671 6
110364.46509467671 111571.90271424362 12
111571.90271424362 112082.74170713732 0
112082.74170713732 112361.38115780661 2
112361.38115780661 113011.53987603495 15
113011.53987603495 113499.1589147062 5
113499.1589147062 114776.25639694044 8
114776.25639694044 115031.67589338729 6
115031.67589338729 115658.61465739319 8
115658.61465739319 116099.79378761956 1
116099.79378761956 116540.97291784594 5
116540.97291784594 116749.9525058479 1
116749.9525058479 117028.59195651719 1
117028.59195651719 117539.43094941089 4
117539.43094941089 118073.48989652703 13
118073.48989652703 118955.84815697977 15
118955.84815697977 119280.92751609394 21
119280.92751609394 119884.6463258774 21
119884.6463258774 120140.06582232425 14
120140.06582232425 120488.36513566086 19
120488.36513566086 120836.66444899747 14
120836.66444899747 121184.96376233408 10
121184.96376233408 121533.26307567069 15
121533.26307567069 121788.68257211754 17
121788.68257211754 123158.65987124154 19
123158.65987124154 123924.91836058209 19
123924.91836058209 124273.2176739187 21
124273.2176739187 124528.63717036555 21
124528.63717036555 124876.93648370216 15
124876.93648370216 125805.73465259979 6
125805.73465259979 126780.9727299423 6
126780.9727299423 127361.47158550331 6
127361.47158550331 127872.31057839701 20
127872.31057839701 128220.60989173362 7
128220.60989173362 128568.90920507023 7
128568.90920507023 129056.52824374149 0
129056.52824374149 129404.8275570781 14
129404.8275570781 130101.42618375132 7
130101.42618375132 130589.04522242257 10
130589.04522242257 130890.9046273143 12
130890.9046273143 131285.6438490958 14
131285.6438490958 131773.26288776705 14
131773.26288776705 132144.7821553261 15
132144.7821553261 132748.50096510956 21
132748.50096510956 133003.92046155641 21
133003.92046155641 133514.7594544501 5
133514.7594544501 133863.05876778672 8
133863.05876778672 134141.698218456 19
134141.698218456 134722.19707401702 19
134722.19707401702 135233.03606691072 21
135233.03606691072 135581.33538024733 16
135581.33538024733 136603.01336603472 21
136603.01336603472 137137.07231315086 12
137137.07231315086 137415.71176382015 20
137415.71176382015 137694.35121448943 6
137694.35121448943 138065.87048204849 6
138065.87048204849 138321.28997849533 17
138321.28997849533 138669.58929183194 6
138669.58929183194 139017.88860516855 2
139017.88860516855 139319.74801006028 20
139319.74801006028 139691.26727761934 14
139691.26727761934 139946.68677406618 10
139946.68677406618 140921.92485140869 15
140921.92485140869 141572.08356963703 21
141572.08356963703 142082.92256253073 7
142082.92256253073 142779.52118920395 14
142779.52118920395 143290.36018209765 14
143290.36018209765 143615.43954121182 2
143615.43954121182 144312.03816788504 10
144312.03816788504 145031.8567487807 3
145031.8567487807 145542.6957416744 20
145542.6957416744 146216.07441412518 7
146216.07441412518 146564.37372746179 21
146564.37372746179 147075.21272035548 7
147075.21272035548 147516.39185058186 12
147516.39185058186 147911.13107236335 12
147911.13107236335 148189.77052303264 17
148189.77052303264 148421.97006525705 15
148421.97006525705 149025.68887504051 6
149025.68887504051 149327.54827993223 17
149327.54827993223 149652.6276390464 12
149652.6276390464 150093.80676927278 10
150093.80676927278 150326.00631149719 2
150326.00631149719 150604.64576216647 19
150604.64576216647 151022.60493817041 16
151022.60493817041 151463.78406839678 15
151463.78406839678 151719.20356484363 8
151719.20356484363 152067.50287818024 7
152067.50287818024 152740.88155063102 6
152740.88155063102 153065.96090974519 10
153065.96090974519 153391.04026885936 10
153391.04026885936 153785.77949064085 15
153785.77949064085 154296.61848353455 3
154296.61848353455 155132.53683554241 12
155132.53683554241 155457.61619465658 12
155457.61619465658 156084.55495866248 20
156084.55495866248 156502.51413466642 14
156502.51413466642 156943.69326489279 24
156943.69326489279 157315.21253245184 5
157315.21253245184 157547.41207467625 4
157547.41207467625 158058.25106756995 8
158058.25106756995 158592.31001468608 8
158592.31001468608 159358.56850402663 17
159358.56850402663 160333.80658136914 1
160333.80658136914 161216.16484182188 24
161216.16484182188 161634.12401782582 10
161634.12401782582 162052.08319382975 20
162052.08319382975 162307.5026902766 21
162307.5026902766 162586.14214094589 15
162586.14214094589 162818.34168317029 19
162818.34168317029 163677.4799894006 21
163677.4799894006 164118.65911962697 2
164118.65911962697 164722.37792941043 14
164722.37792941043 165163.55705963681 14
165163.55705963681 165651.17609830806 15
165651.17609830806 166719.29399254033 19
166719.29399254033 167253.35293965647 19
167253.35293965647 167462.33252765844 15
167462.33252765844 167926.73161210725 7
167926.73161210725 168182.1511085541 21
168182.1511085541 168785.86991833756 2
168785.86991833756 169366.36877389858 14
169366.36877389858 169923.64767523715 0
169923.64767523715 170341.60685124109 19
170341.60685124109 170759.56602724502 6
170759.56602724502 171641.92428769777 6
171641.92428769777 171943.7836925895 2
171943.7836925895 172779.70204459736 14
172779.70204459736 173313.7609917135 10
173313.7609917135 173662.06030505011 21
173662.06030505011 173987.13966416428 7
173987.13966416428 174335.43897750089 15
174335.43897750089 174730.17819928238 14
174730.17819928238 175171.35732950876 14
