-0.0625
-0.0625
-0.0625
-0.0625
-0.0625
-0.296875
-0.28125
-0.27343800663948059
-0.265625
-0.21875
-0.203125
-0.15625
-0.14843800663948059
-0.125
-0.109375
-0.0625
-0.03125
0.0
0.0078119998797774315
0.015625
0.046875
0.0625
0.09375
0.109375
0.125
0.140625
0.15625
0.171875
0.1875
0.203125
0.21875
0.234375
0.25
0.27343800663948059
0.296875
0.3125
0.3125
0.3125
0.3125
0.3125
0.3125
0.3125
0.3125
0.27343800663948059
0.171875
-0.140625
-0.3125
-0.34375
-0.35156199336051941
-0.359375
-0.359375
-0.359375
-0.375
-0.375
-0.375
-0.375
-0.375
-0.359375
-0.328125
-0.296875
-0.27343800663948059
-0.171875
-0.109375
0.046875
0.140625
0.171875
0.203125
0.25
0.265625
0.27343800663948059
0.28125
0.28906199336051941
0.296875
0.3125
0.328125
0.328125
0.328125
0.328125
0.33593800663948059
0.34375
0.34375
0.34375
0.34375
0.33593800663948059
0.328125
-0.203125
-0.21875
-0.234375
-0.24218800663948059
-0.25
-0.265625
-0.27343800663948059
-0.28125
-0.28125
-0.28125
-0.28125
-0.28125
-0.28125
-0.265625
-0.25
-0.234375
-0.21875
-0.171875
-0.125
-0.070312000811100006
-0.015625
0.09375
0.109375
0.125
0.140625
0.1875
0.21875
0.22656199336051941
0.234375
0.234375
0.234375
0.234375
0.22656199336051941
0.21875
0.1875
0.15625
0.13541699945926666
0.11458300054073334
0.09375
0.054687999188899994
0.015625
-0.03125
-0.5
