0.80361002683639526 1.93904709815979 2.2792279720306396
0.80386000871658325 1.9367010593414307 2.2739799022674561
0.7999500036239624 1.9324710369110107 2.2701559066772461
0.78938400745391846 1.9279470443725586 2.2726359367370605
0.77582001686096191 1.9233030080795288 2.2766759395599365
0.76566201448440552 1.920153021812439 2.2799320220947266
0.76854002475738525 1.9255859851837158 2.2823960781097412
0.77491402626037598 1.9366110563278198 2.2846760749816895
0.77665400505065918 1.9431599378585815 2.2832200527191162
0.77736002206802368 1.9471110105514526 2.2818601131439209
0.77785998582839966 1.9526278972625732 2.2792840003967285
0.77751797437667847 1.9551961421966553 2.2771079540252686
0.77753400802612305 1.9536600112915039 2.2743759155273438
0.77533000707626343 1.9505429267883301 2.2739200592041016
0.77288401126861572 1.9472429752349854 2.2735319137573242
0.77288401126861572 1.9472429752349854 2.2735319137573242
0.75486201047897339 1.9297831058502197 2.2770440578460693
0.75144201517105103 1.9252649545669556 2.27783203125
0.74848800897598267 1.9184310436248779 2.2776520252227783
0.74813997745513916 1.9117050170898438 2.2754759788513184
0.75125998258590698 1.9053239822387695 2.2701799869537354
0.75773197412490845 1.8995100259780884 2.2620120048522949
0.76026201248168945 1.8926249742507935 2.2554121017456055
0.76361602544784546 1.8831779956817627 2.2460000514984131
0.76744997501373291 1.8743338584899902 2.2360799312591553
0.76953202486038208 1.8722100257873535 2.2318520545959473
0.77072000503540039 1.8709949254989624 2.2294440269470215
0.7701219916343689 1.860213041305542 2.2239921092987061
0.76406401395797729 1.847877025604248 2.2199680805206299
0.75781601667404175 1.8392339944839478 2.2179720401763916
0.74609202146530151 1.8205170631408691 2.2217400074005127
0.74609202146530151 1.8205170631408691 2.2217400074005127
0.7427399754524231 1.8091769218444824 2.2359600067138672
0.74143397808074951 1.8047549724578857 2.2415080070495605
0.74143397808074951 1.8047549724578857 2.2415080070495605
0.73466801643371582 1.7842171192169189 2.2568159103393555
0.73316997289657593 1.7782349586486816 2.2612040042877197
0.73122400045394897 1.7757508754730225 2.2633841037750244
0.72674798965454102 1.7736210823059082 2.2662200927734375
0.72237998247146606 1.7768371105194092 2.268172025680542
0.72158002853393555 1.7811601161956787 2.2706201076507568
0.72332799434661865 1.7840399742126465 2.2730400562286377
0.725242018699646 1.7881948947906494 2.2787320613861084
0.72546601295471191 1.7934269905090332 2.2887918949127197
0.72342801094055176 1.7994179725646973 2.2993559837341309
0.72234600782394409 1.8026549816131592 2.3037679195404053
0.72229599952697754 1.8061590194702148 2.306135892868042
0.72177201509475708 1.8077490329742432 2.3062999248504639
0.71939998865127563 1.8150240182876587 2.3055200576782227
0.71796202659606934 1.8223681449890137 2.3045439720153809
0.71733802556991577 1.833003044128418 2.3019680976867676
0.72014999389648438 1.841745138168335 2.29640793800354
0.72377002239227295 1.8529350757598877 2.2826919555664062
0.72488397359848022 1.8574140071868896 2.2760601043701172
0.7271379828453064 1.8635878562927246 2.2674760818481445
0.73125797510147095 1.8695700168609619 2.2605719566345215
0.73836201429367065 1.8726329803466797 2.2565999031066895
0.74520999193191528 1.874547004699707 2.2540678977966309
0.75750797986984253 1.8738210201263428 2.2525160312652588
0.76713401079177856 1.8710219860076904 2.2524120807647705
0.77313399314880371 1.8683609962463379 2.2525479793548584
0.77869200706481934 1.8655110597610474 2.2521159648895264
0.78143799304962158 1.865199089050293 2.25189208984375
0.78236997127532959 1.8651509284973145 2.2518119812011719
0.78351002931594849 1.8653850555419922 2.2517280578613281
0.78608798980712891 1.8659160137176514 2.2515439987182617
0.80135601758956909 1.8695579767227173 2.2501280307769775
0.80818802118301392 1.8721258640289307 2.2491118907928467
0.81049197912216187 1.8730319738388062 2.2487480640411377
0.81049197912216187 1.8730319738388062 2.2487480640411377
0.8194119930267334 1.8765630722045898 2.2466640472412109
0.82786399126052856 1.8794159889221191 2.2445480823516846
0.83150798082351685 1.8834810256958008 2.2446119785308838
0.83407199382781982 1.885869026184082 2.2446639537811279
0.83831602334976196 1.8887969255447388 2.2446639537811279
0.84834998846054077 1.8972659111022949 2.2451798915863037
0.85412400960922241 1.9012501239776611 2.2456638813018799
0.85764402151107788 1.9046878814697266 2.2455160617828369
0.86303400993347168 1.909748911857605 2.2451999187469482
0.86878401041030884 1.9143359661102295 2.2447760105133057
0.88091599941253662 1.9212570190429688 2.243459939956665
0.8860819935798645 1.9230269193649292 2.243459939956665
0.89212197065353394 1.9243680238723755 2.2435479164123535
0.89805400371551514 1.923456072807312 2.2439639568328857
0.90296399593353271 1.9184010028839111 2.2448160648345947
0.90487802028656006 1.9148100614547729 2.2452840805053711
0.90655797719955444 1.910315990447998 2.24617600440979
0.9095039963722229 1.9056119918823242 2.2475600242614746
0.92718398571014404 1.8773760795593262 2.2517039775848389
0.94661200046539307 1.8453149795532227 2.2555239200592041
0.94661200046539307 1.8453149795532227 2.2555239200592041
0.96541601419448853 1.8087959289550781 2.2670159339904785
0.98721599578857422 1.7608439922332764 2.2877678871154785
1.0026259422302246 1.7249429225921631 2.3050920963287354
1.0662499666213989 1.485753059387207 2.4670639038085938
1.071876049041748 1.3815269470214844 2.5294198989868164
1.0548859834671021 1.2603540420532227 2.5944480895996094
1.0125939846038818 1.1602649688720703 2.652008056640625
0.91352200508117676 1.0613189935684204 2.7204399108886719
0.8205680251121521 1.0316489934921265 2.7572479248046875
0.71291202306747437 1.045875072479248 2.780724048614502
0.62926602363586426 1.1066699028015137 2.785167932510376
0.48641601204872131 1.2659040689468384 2.7920639514923096
0.40202999114990234 1.5096061229705811 2.8061399459838867
0.39324399828910828 1.7260590791702271 2.8284399509429932
0.41837999224662781 1.8848190307617188 2.8518600463867188
0.53466397523880005 2.1920881271362305 2.9235320091247559
0.65555000305175781 2.3128979206085205 2.9818201065063477
0.77403998374938965 2.3722891807556152 3.0330080986022949
0.85306799411773682 2.3916120529174805 3.0650079250335693
0.91829001903533936 2.3350949287414551 3.1022799015045166
0.95540797710418701 2.1858930587768555 3.1534240245819092
0.93108600378036499 2.0616328716278076 3.1829679012298584
0.91076797246932983 1.9867260456085205 3.20169997215271
0.87517398595809937 1.8848249912261963 3.2299199104309082
0.83754998445510864 1.7942309379577637 3.2623159885406494
0.83294802904129028 1.7616989612579346 3.2775840759277344
0.83362197875976562 1.7618039846420288 3.2777879238128662
0.8380579948425293 1.7694600820541382 3.2760438919067383
0.85329198837280273 1.7957789897918701 3.2700560092926025
0.88010001182556152 1.8633480072021484 3.2502479553222656
0.8908500075340271 1.8933601379394531 3.239516019821167
0.90837198495864868 1.9376070499420166 3.2234680652618408
0.9311860203742981 1.9895399808883667 3.2028639316558838
0.96465998888015747 2.0609340667724609 3.1713080406188965
0.9825819730758667 2.0971589088439941 3.1542520523071289
0.99546998739242554 2.1164729595184326 3.141779899597168
1.0049140453338623 2.1323070526123047 3.1310279369354248
1.0138579607009888 2.1477150917053223 3.1185839176177979
1.0208220481872559 2.155148983001709 3.1086759567260742
1.0296920537948608 2.1586019992828369 3.097804069519043
1.0353000164031982 2.1604530811309814 3.0854520797729492
1.0387359857559204 2.1611549854278564 3.0719881057739258
1.0402339696884155 2.1611971855163574 3.0626120567321777
1.0361059904098511 2.1555869579315186 3.035883903503418
1.0299659967422485 2.1508200168609619 3.0183479785919189
1.0206459760665894 2.1468510627746582 2.9995319843292236
1.0135079622268677 2.1457231044769287 2.98661208152771
1.0011440515518188 2.1470520496368408 2.9665520191192627
0.97763997316360474 2.1491940021514893 2.9372720718383789
0.96152198314666748 2.1493258476257324 2.9220080375671387
0.95031601190567017 2.1444330215454102 2.9138240814208984
0.92783397436141968 2.1338729858398438 2.8999159336090088
0.8999599814414978 2.1226229667663574 2.886915922164917
0.87727999687194824 2.114901065826416 2.8773000240325928
0.86204397678375244 2.1096301078796387 2.8708920478820801
0.84035402536392212 2.0998139381408691 2.8611040115356445
0.8158079981803894 2.0842289924621582 2.8482120037078857
0.79772001504898071 2.0671288967132568 2.834536075592041
0.79172199964523315 2.0596408843994141 2.8280360698699951
0.78955799341201782 2.0420279502868652 2.8069839477539062
0.79011601209640503 2.0219368934631348 2.7871599197387695
0.79018998146057129 2.0211000442504883 2.786423921585083
0.79018998146057129 2.0211000442504883 2.786423921585083
0.79018998146057129 2.0211000442504883 2.786423921585083
0.7821279764175415 2.0014438629150391 2.7715280055999756
0.76028597354888916 1.9643039703369141 2.7547440528869629
0.75379800796508789 1.959542989730835 2.7500801086425781
0.74690002202987671 1.9557420015335083 2.742919921875
0.74401998519897461 1.9545450210571289 2.7339999675750732
0.74694997072219849 1.9552770853042603 2.7240679264068604
0.75141000747680664 1.9574940204620361 2.7135839462280273
0.7631080150604248 1.9652249813079834 2.6972479820251465
0.77546399831771851 1.9741079807281494 2.6845479011535645
0.78835999965667725 1.9838429689407349 2.6718080043792725
0.80069798231124878 1.9968570470809937 2.6566720008850098
0.80818802118301392 2.0069191455841064 2.6442239284515381
0.81313800811767578 2.0154359340667725 2.632983922958374
0.81574201583862305 2.0240488052368164 2.6224920749664307
0.81557601690292358 2.0309610366821289 2.6161279678344727
0.81331998109817505 2.0466001033782959 2.602139949798584
0.81041800975799561 2.049893856048584 2.5936520099639893
0.80792999267578125 2.0487508773803711 2.5857000350952148
0.80643200874328613 2.0464890003204346 2.5804519653320312
0.79769599437713623 2.0395920276641846 2.5683879852294922
0.78970801830291748 2.0334088802337646 2.5603039264678955
0.78195399045944214 2.0228400230407715 2.5512919425964355
0.77692800760269165 2.0147519111633301 2.5458800792694092
0.76968997716903687 2.0008559226989746 2.5389840602874756
0.75567799806594849 1.9806571006774902 2.5301439762115479
0.74693399667739868 1.9722779989242554 2.5259640216827393
0.74173200130462646 1.9689899682998657 2.5228281021118164
0.73180598020553589 1.9603018760681152 2.5159320831298828
0.71669602394104004 1.9421550035476685 2.5038800239562988
0.71376800537109375 1.9387410879135132 2.5014638900756836
0.70843398571014404 1.9325820207595825 2.4970560073852539
0.69531399011611938 1.9161629676818848 2.4840118885040283
0.68050402402877808 1.896111011505127 2.4669039249420166
0.67272400856018066 1.8846061229705811 2.4545440673828125
0.66905397176742554 1.8797310590744019 2.4484119415283203
0.66573399305343628 1.8746700286865234 2.4382719993591309
0.6633639931678772 1.8712080717086792 2.4283239841461182
0.66307997703552246 1.8703019618988037 2.4154679775238037
0.66582602262496948 1.8723719120025635 2.4048159122467041
0.6709439754486084 1.8756930828094482 2.3940920829772949
0.67749202251434326 1.8762420415878296 2.3825039863586426
0.68442201614379883 1.8765209913253784 2.3702199459075928
0.68916398286819458 1.8766529560089111 2.3617680072784424
0.70439201593399048 1.8765480518341064 2.3416280746459961
0.71338599920272827 1.8780090808868408 2.330132007598877
0.72249597311019897 1.8816900253295898 2.3194360733032227
0.7317739725112915 1.8861839771270752 2.3098239898681641
0.74510198831558228 1.8943830728530884 2.2971639633178711
0.75385600328445435 1.9006350040435791 2.2889358997344971
0.7617260217666626 1.9057528972625732 2.2815558910369873
0.76471400260925293 1.9083359241485596 2.2770678997039795
0.76889002323150635 1.9118731021881104 2.2689120769500732
0.76726800203323364 1.9076099395751953 2.2582120895385742
0.76216000318527222 1.9006321430206299 2.2504360675811768
0.75858199596405029 1.8985500335693359 2.2489960193634033
0.75109201669692993 1.8944668769836426 2.2466199398040771
0.75075197219848633 1.894287109375 2.2465200424194336
0.75043600797653198 1.8924899101257324 2.2462160587310791
0.75010198354721069 1.8905789852142334 2.2458920478820801
0.75044399499893188 1.8872098922729492 2.244999885559082
0.74916201829910278 1.8780659437179565 2.2444000244140625
0.74848800897598267 1.86614990234375 2.2410919666290283
0.74945402145385742 1.8603119850158691 2.2386438846588135
0.7534559965133667 1.8553919792175293 2.2346799373626709
0.75828999280929565 1.8529829978942871 2.229219913482666
0.76244997978210449 1.8529798984527588 2.2195119857788086
0.76327401399612427 1.8537271022796631 2.214871883392334
0.76399797201156616 1.8545999526977539 2.2080481052398682
0.76374799013137817 1.8548638820648193 2.2009439468383789
0.76426398754119873 1.8547320365905762 2.1882200241088867
0.76434797048568726 1.8552179336547852 2.182919979095459
0.76432198286056519 1.8567299842834473 2.174936056137085
0.76479601860046387 1.8592710494995117 2.1670238971710205
0.76680201292037964 1.8631950616836548 2.1593599319458008
0.77045398950576782 1.872107982635498 2.1512320041656494
0.77310001850128174 1.8802440166473389 2.1463279724121094
0.77575397491455078 1.8881310224533081 2.1427080631256104
0.77893197536468506 1.8981330394744873 2.1394760608673096
0.78072202205657959 1.9052729606628418 2.1377079486846924
0.78134602308273315 1.9101959466934204 2.1363160610198975
0.78292602300643921 1.9096380472183228 2.1352560520172119
0.78267800807952881 1.9073429107666016 2.1346039772033691
0.78176200389862061 1.9052190780639648 2.1343278884887695
0.77552199363708496 1.8985021114349365 2.1329081058502197
0.76977998018264771 1.8926520347595215 2.1319320201873779
0.75934600830078125 1.8756809234619141 2.1254639625549316
0.7549700140953064 1.8659400939941406 2.1208639144897461
0.7534719705581665 1.8548430204391479 2.1136879920959473
0.75771600008010864 1.8367378711700439 2.0992600917816162
0.76433998346328735 1.8263671398162842 2.0884559154510498
0.77151197195053101 1.8204209804534912 2.0800719261169434
0.78699600696563721 1.8053040504455566 2.0619640350341797
0.80450999736785889 1.7835270166397095 2.0381879806518555
0.81595802307128906 1.767737865447998 2.0183639526367188
0.82178199291229248 1.7593170404434204 2.0049879550933838
0.827705979347229 1.7492730617523193 1.9852279424667358
0.83423000574111938 1.7384909391403198 1.96014404296875
0.84401398897171021 1.7258459329605103 1.9326399564743042
0.84951400756835938 1.7190179824829102 1.9191679954528809
0.85977399349212646 1.7090339660644531 1.8968440294265747
0.87515002489089966 1.6917629241943359 1.8570480346679688
0.88222998380661011 1.6811460256576538 1.8274680376052856
0.88648998737335205 1.6749510765075684 1.8080960512161255
0.8927379846572876 1.6666409969329834 1.7782679796218872
0.90446197986602783 1.6649849414825439 1.7370280027389526
0.92606997489929199 1.6675350666046143 1.6662360429763794
0.93686002492904663 1.6704450845718384 1.6270400285720825
0.95110601186752319 1.6766879558563232 1.5692720413208008
0.96259599924087524 1.6876559257507324 1.5087159872055054
0.96918600797653198 1.7119228839874268 1.4497840404510498
0.97572600841522217 1.740980863571167 1.3957639932632446
0.99887198209762573 1.8064110279083252 1.306939959526062
1.026587963104248 1.8574471473693848 1.2462279796600342
1.0524400472640991 1.8770520687103271 1.2233799695968628
1.0534460544586182 1.8778140544891357 1.222491979598999
1.0842059850692749 1.891497015953064 1.2078200578689575
1.1473979949951172 1.885673999786377 1.2045799493789673
1.2173060178756714 1.8639631271362305 1.2159559726715088
1.2455379962921143 1.843047022819519 1.2354199886322021
1.3005919456481934 1.7985601425170898 1.3115919828414917
1.3085139989852905 1.777656078338623 1.389739990234375
1.2906080484390259 1.7531700134277344 1.4814759492874146
1.2694499492645264 1.7350411415100098 1.5482399463653564
1.1371320486068726 1.674375057220459 1.7530479431152344
1.0274779796600342 1.6379520893096924 1.8781559467315674
0.90828800201416016 1.5990810394287109 1.9973119497299194
0.83265799283981323 1.574160099029541 2.0728719234466553
0.72746402025222778 1.5389189720153809 2.1785159111022949
0.69886600971221924 1.5334291458129883 2.2073040008544922
0.61667001247406006 1.5203309059143066 2.290071964263916
0.55354398488998413 1.5401310920715332 2.3519599437713623
0.48010000586509705 1.57464599609375 2.4230160713195801
0.46237000823020935 1.6126620769500732 2.4375081062316895
0.46072199940681458 1.6847280263900757 2.43448805809021
0.46772000193595886 1.7163269519805908 2.4278440475463867
0.48565798997879028 1.7613630294799805 2.4150679111480713
0.52051198482513428 1.8157889842987061 2.3971080780029297
0.57085001468658447 1.8689550161361694 2.3797121047973633
0.59840601682662964 1.8931980133056641 2.3717639446258545
0.64118200540542603 1.9245870113372803 2.3629879951477051
0.68277597427368164 1.9519379138946533 2.3564400672912598
0.7324640154838562 1.9805309772491455 2.3514759540557861
0.76607000827789307 1.9972860813140869 2.3499000072479248
0.79042398929595947 2.0072579383850098 2.3498280048370361
0.80516797304153442 2.0078310966491699 2.3567240238189697
0.81049197912216187 2.0079059600830078 2.3593840599060059
0.80411797761917114 2.0007839202880859 2.3651800155639648
0.79511600732803345 1.990373969078064 2.3723239898681641
0.78874200582504272 1.9820640087127686 2.3746199607849121
0.78044801950454712 1.9731779098510742 2.3770520687103271
0.77070397138595581 1.9637249708175659 2.3785719871520996
0.7625659704208374 1.9561890363693237 2.3793399333953857
0.75080198049545288 1.947519063949585 2.3805999755859375
0.7118300199508667 1.918799877166748 2.3847839832305908
0.6998639702796936 1.9116508960723877 2.3872199058532715
0.67847400903701782 1.8977519273757935 2.3915119171142578
0.65674000978469849 1.8804659843444824 2.3954479694366455
0.64286202192306519 1.8674100637435913 2.3979959487915039
0.63529002666473389 1.8585480451583862 2.3995280265808105
0.62059599161148071 1.8406500816345215 2.4017879962921143
0.61468201875686646 1.8316769599914551 2.4014959335327148
0.60869002342224121 1.8253171443939209 2.3997800350189209
0.60444802045822144 1.8219090700149536 2.3981120586395264
0.59605199098587036 1.8204028606414795 2.3951361179351807
0.5867760181427002 1.8211380243301392 2.3901920318603516
0.58717399835586548 1.8238289356231689 2.386591911315918
0.58844798803329468 1.8258810043334961 2.3842918872833252
0.59169197082519531 1.8293999433517456 2.3808760643005371
0.6017259955406189 1.8319110870361328 2.3764801025390625
0.608847975730896 1.8321089744567871 2.3743240833282471
0.61383199691772461 1.834406852722168 2.3730120658874512
0.62422400712966919 1.8407789468765259 2.3700559139251709
0.64158999919891357 1.853672981262207 2.3646919727325439
0.66312199831008911 1.8730049133300781 2.359611988067627
0.674530029296875 1.8813389539718628 2.3576159477233887
0.6947140097618103 1.8929579257965088 2.3546199798583984
0.71014797687530518 1.900752067565918 2.3525159358978271
0.71014797687530518 1.900752067565918 2.3525159358978271
0.76908200979232788 1.9279950857162476 2.3442320823669434
0.78839397430419922 1.9394640922546387 2.3417038917541504
0.79451799392700195 1.9432590007781982 2.3409159183502197
0.80062401294708252 1.9486380815505981 2.3407878875732422
0.81203997135162354 1.9571969509124756 2.3414559364318848
0.82540202140808105 1.964043140411377 2.3441760540008545
0.82639998197555542 1.9622819423675537 2.3458518981933594
0.82394599914550781 1.9566360712051392 2.3473401069641113
0.8210340142250061 1.9513618946075439 2.3482680320739746
0.80205601453781128 1.935528039932251 2.3525838851928711
0.78756999969482422 1.9257540702819824 2.3554399013519287
0.77390801906585693 1.9140269756317139 2.3581640720367432
0.76086997985839844 1.9007009267807007 2.3608319759368896
0.74229001998901367 1.8814349174499512 2.363908052444458
0.72970998287200928 1.8705689907073975 2.3651359081268311
0.71846997737884521 1.8629250526428223 2.3657600879669189
0.71191197633743286 1.8589859008789062 2.3650960922241211
0.70028001070022583 1.8536820411682129 2.3634560108184814
0.69167798757553101 1.8521339893341064 2.3617479801177979
0.68935602903366089 1.8525570631027222 2.3609120845794678
0.69052201509475708 1.8535349369049072 2.3605880737304688
0.69368201494216919 1.8558690547943115 2.3600559234619141
0.69944000244140625 1.8591389656066895 2.3589239120483398
0.70433199405670166 1.8603060245513916 2.357072114944458
0.70557999610900879 1.8598649501800537 2.3561000823974609
0.70878398418426514 1.8632910251617432 2.3545041084289551
0.71548998355865479 1.8681360483169556 2.3522400856018066
0.71580600738525391 1.868340015411377 2.3521440029144287
0.71774601936340332 1.8691918849945068 2.3516678810119629
0.72424399852752686 1.8720510005950928 2.3500640392303467
0.7304919958114624 1.8758100271224976 2.3488640785217285
0.73832201957702637 1.8813269138336182 2.3479039669036865
0.74058401584625244 1.8825870752334595 2.3495559692382812
0.74276399612426758 1.8839700222015381 2.352031946182251
0.74276399612426758 1.8846991062164307 2.3541278839111328
0.74276399612426758 1.8870151042938232 2.3582839965820312
0.73853802680969238 1.8902969360351562 2.3623080253601074
0.73124998807907104 1.8918418884277344 2.3681919574737549
0.72390997409820557 1.8907618522644043 2.3736081123352051
0.71729600429534912 1.88863205909729 2.3782761096954346
0.71296197175979614 1.8884458541870117 2.3830640316009521
0.71097999811172485 1.8872369527816772 2.3857440948486328
0.70791798830032349 1.884660005569458 2.3879680633544922
0.70346802473068237 1.8819540739059448 2.3900001049041748
0.69955801963806152 1.8812910318374634 2.3912520408630371
0.69235998392105103 1.8809970617294312 2.3946480751037598
0.69165199995040894 1.8810629844665527 2.3954360485076904
0.69244402647018433 1.8810510635375977 2.3945000171661377
0.69344198703765869 1.8810060024261475 2.3932480812072754
0.69699400663375854 1.8778290748596191 2.3853719234466553
0.69812601804733276 1.8748350143432617 2.37965989112854
0.70008999109268188 1.8731820583343506 2.3729441165924072
0.70237797498703003 1.8730019330978394 2.3686840534210205
0.70762002468109131 1.8743970394134521 2.3627638816833496
0.71954202651977539 1.8780720233917236 2.3531839847564697
0.72766399383544922 1.8801300525665283 2.348236083984375
0.7404019832611084 1.8803730010986328 2.3430519104003906
0.75715798139572144 1.8811919689178467 2.3363559246063232
0.76689398288726807 1.88332200050354 2.3325920104980469
0.77003800868988037 1.8853108882904053 2.3309400081634521
0.77628797292709351 1.8895621299743652 2.3275480270385742
0.7812119722366333 1.8936270475387573 2.3251640796661377
0.78468197584152222 1.8973770141601562 2.3242800235748291
0.78826802968978882 1.9009289741516113 2.3244080543518066
0.78974199295043945 1.9023239612579346 2.3249120712280273
0.78855997323989868 1.9024319648742676 2.3254799842834473
0.78295201063156128 1.9038689136505127 2.3276638984680176
0.77052998542785645 1.9048559665679932 2.3324480056762695
0.75844001770019531 1.902803897857666 2.33707594871521
0.74681597948074341 1.8988169431686401 2.3415360450744629
0.73401200771331787 1.8971068859100342 2.3482480049133301
0.70992398262023926 1.8923819065093994 2.3612079620361328
0.701121985912323 1.8872909545898438 2.3672559261322021
0.69033801555633545 1.8801119327545166 2.3754560947418213
0.68221801519393921 1.8742620944976807 2.3829081058502197
0.6792299747467041 1.8702569007873535 2.3876960277557373
0.67747402191162109 1.8677399158477783 2.3909120559692383
0.67583602666854858 1.8665159940719604 2.3938839435577393
0.67500400543212891 1.8663450479507446 2.3950560092926025
0.67487800121307373 1.8652830123901367 2.394848108291626
0.67533600330352783 1.863737940788269 2.3938798904418945
0.67690002918243408 1.8599789142608643 2.3909919261932373
0.68023800849914551 1.8554790019989014 2.3857800960540771
0.68344801664352417 1.8528810739517212 2.3808839321136475
0.6855279803276062 1.8517739772796631 2.3772640228271484
0.68936401605606079 1.851578950881958 2.3670840263366699
0.6922839879989624 1.8494219779968262 2.3604440689086914
0.69745200872421265 1.8465330600738525 2.3543400764465332
0.70177799463272095 1.8443609476089478 2.3503959178924561
0.71925997734069824 1.8477240800857544 2.3418478965759277
0.73831397294998169 1.853084921836853 2.3355920314788818
0.74510198831558228 1.8573391437530518 2.3347640037536621
0.74742400646209717 1.8588628768920898 2.334507942199707
0.74742400646209717 1.8588628768920898 2.334507942199707
0.75442200899124146 1.87198805809021 2.3355801105499268
0.757423996925354 1.8836910724639893 2.3377439975738525
0.76235002279281616 1.892064094543457 2.3412840366363525
0.7681419849395752 1.9021408557891846 2.3454959392547607
0.76901602745056152 1.9057979583740234 2.3462600708007812
0.76619398593902588 1.9161990880966187 2.3487839698791504
0.76377397775650024 1.9200119972229004 2.3506879806518555
0.75884002447128296 1.9234619140625 2.3546679019927979
0.75316399335861206 1.9242360591888428 2.3597559928894043
0.74766397476196289 1.9218449592590332 2.3658840656280518
0.74166601896286011 1.9157791137695312 2.3729240894317627
0.73600798845291138 1.9097669124603271 2.3777999877929688
0.72895199060440063 1.9044179916381836 2.3817439079284668
0.71760398149490356 1.896651029586792 2.3863320350646973
0.70782798528671265 1.8902819156646729 2.3901159763336182
0.69933199882507324 1.8868920803070068 2.3939440250396729
0.69240200519561768 1.8850350379943848 2.3965721130371094
0.68592798709869385 1.8822388648986816 2.397968053817749
0.68176001310348511 1.8799799680709839 2.3984320163726807
0.67437201738357544 1.8733949661254883 2.3901920318603516
0.67212402820587158 1.8701369762420654 2.3789079189300537
0.67710000276565552 1.8705360889434814 2.3731958866119385
0.67903000116348267 1.870730996131897 2.3711719512939453
0.68456399440765381 1.8716549873352051 2.367732048034668
0.69345802068710327 1.8731549978256226 2.362191915512085
0.70270198583602905 1.8747539520263672 2.3564081192016602
0.71116399765014648 1.8745919466018677 2.3486158847808838
0.72013401985168457 1.8743609189987183 2.3402640819549561
0.72411799430847168 1.87198805809021 2.3354640007019043
0.7300260066986084 1.8691259622573853 2.329819917678833
0.73336201906204224 1.8686850070953369 2.3292601108551025
0.73634999990463257 1.8696990013122559 2.3296279907226562
0.73774802684783936 1.8713639974594116 2.3323240280151367
0.73501002788543701 1.8690688610076904 2.3377199172973633
0.73184001445770264 1.8663210868835449 2.3407878875732422
0.7266240119934082 1.8665070533752441 2.3460519313812256
0.72106599807739258 1.8651720285415649 2.3539359569549561
0.71925199031829834 1.8692460060119629 2.3585600852966309
0.71917599439620972 1.8723809719085693 2.3609640598297119
0.72104799747467041 1.8774988651275635 2.3635439872741699
0.72603201866149902 1.8787440061569214 2.3669159412384033
0.72795397043228149 1.8820470571517944 2.3727200031280518
0.72631597518920898 1.8843600749969482 2.374596118927002
0.72361999750137329 1.8875551223754883 2.3772039413452148
0.72074800729751587 1.8902819156646729 2.3800640106201172
0.71539801359176636 1.8904290199279785 2.3837881088256836
0.71448397636413574 1.8905191421508789 2.3850440979003906
0.71397602558135986 1.8907349109649658 2.3861799240112305
0.71420001983642578 1.8909599781036377 2.3862600326538086
0.71495002508163452 1.8910950422286987 2.3848679065704346
0.71638798713684082 1.8903448581695557 2.3800680637359619
0.71816200017929077 1.889786958694458 2.3746919631958008
0.72070002555847168 1.8906029462814331 2.369488000869751
0.72463399171829224 1.8921959400177002 2.364732027053833
0.72872000932693481 1.8932579755783081 2.3621718883514404
0.74015200138092041 1.8939268589019775 2.3567960262298584
0.75161802768707275 1.8965699672698975 2.3524119853973389
0.75574398040771484 1.8975629806518555 2.3508439064025879
0.75574398040771484 1.8975629806518555 2.3508439064025879
0.7582240104675293 1.9011988639831543 2.3458199501037598
0.75934600830078125 1.9037220478057861 2.3424720764160156
0.76035398244857788 1.9030920267105103 2.3359520435333252
0.76016998291015625 1.902047872543335 2.3330399990081787
0.75816601514816284 1.8994591236114502 2.3317840099334717
0.74746602773666382 1.8925650119781494 2.3338840007781982
0.73772197961807251 1.8896400928497314 2.3359000682830811
0.73114997148513794 1.887563943862915 2.3378078937530518
0.72009199857711792 1.8825778961181641 2.3413000106811523
0.71013998985290527 1.8765660524368286 2.3453960418701172
0.70351797342300415 1.8737729787826538 2.3494439125061035
0.70052200555801392 1.8736379146575928 2.3528320789337158
0.69766002893447876 1.874891996383667 2.3577439785003662
0.69568002223968506 1.8774058818817139 2.3629798889160156
0.69515597820281982 1.8806159496307373 2.3672440052032471
0.69548797607421875 1.8826529979705811 2.3692879676818848
0.69766801595687866 1.8866039514541626 2.3719520568847656
0.70093798637390137 1.8904290199279785 2.3745560646057129
0.70625400543212891 1.8940680027008057 2.3772799968719482
0.71007400751113892 1.8971250057220459 2.3785359859466553
0.71208000183105469 1.9031070470809937 2.3789560794830322
0.71214598417282104 1.9033200740814209 2.3789680004119873
0.71356797218322754 1.9034879207611084 2.3770279884338379
0.71364402770996094 1.9020659923553467 2.3753800392150879
0.71510797739028931 1.8986251354217529 2.3721480369567871
0.71998399496078491 1.8924450874328613 2.3670599460601807
0.72013401985168457 1.8922500610351562 2.3669040203094482
0.72885197401046753 1.8920941352844238 2.3631000518798828
0.74422800540924072 1.8905041217803955 2.3557040691375732
0.74985402822494507 1.8886590003967285 2.3515241146087646
0.75197601318359375 1.8878610134124756 2.3473401069641113
0.74969601631164551 1.886937141418457 2.3451039791107178
0.74566799402236938 1.8829319477081299 2.3434200286865234
0.74409598112106323 1.8808259963989258 2.3431398868560791
0.74073398113250732 1.8774421215057373 2.3430800437927246
0.73291397094726562 1.8695521354675293 2.342940092086792
0.72256201505661011 1.8688559532165527 2.3445041179656982
0.71974200010299683 1.8708510398864746 2.3456239700317383
0.716156005859375 1.8718589544296265 2.346627950668335
0.71332800388336182 1.8722130060195923 2.347275972366333
0.70800197124481201 1.8729360103607178 2.3500521183013916
0.70037198066711426 1.8716340065002441 2.3558239936828613
0.69999802112579346 1.8706979751586914 2.3596758842468262
0.7003980278968811 1.8706680536270142 2.362015962600708
0.70177799463272095 1.8716640472412109 2.3652880191802979
0.7082359790802002 1.8759419918060303 2.3692600727081299
0.71248602867126465 1.8797940015792847 2.3706560134887695
0.71508198976516724 1.8820290565490723 2.3712320327758789
0.71932601928710938 1.8853321075439453 2.3717360496520996
0.72444397211074829 1.8885930776596069 2.3714599609375
0.73142397403717041 1.8918989896774292 2.370851993560791
0.73358798027038574 1.8934979438781738 2.37034010887146
0.7371479868888855 1.8960180282592773 2.369175910949707
0.74259001016616821 1.8984091281890869 2.3668360710144043
0.75195801258087158 1.9003350734710693 2.3623120784759521
0.75812399387359619 1.8971879482269287 2.3590679168701172
0.76269197463989258 1.8937979936599731 2.3560678958892822
0.76592797040939331 1.8894960880279541 2.3532159328460693
